		============================================================
			Examples on range---Practical Assignment
		============================================================

Q1:  0  1  2  3  4  5   6   7   8   9 

Q2:  10  11  12   13  14   15   16  17  18  19  20

Q3:  1000  1001   1002   1003   1004  1005
-------------------------------------------------------------
Q4:  10  9  8  7  6  5   4   3  2   1

Q5)  100   99  98   97  96  95
-------------------------------------------------------------
Q6)  -1  -2  -3  -4   -5   -6  -7  -8  -9  -10

Q7)  -100 -101  -102  -103   -104  -105
-------------------------------------------------------------
Q8) -10 -9  -8   -7   -6   -5   -4  -3  -2  -1  0
Q9)  -1000 -999 -998 -997  -996  -995
--------------------------------------------------------------
Q10) 10  12  14   16  18  20

Q11)  -100  -102  -104   -106  -108   -110
-------------------------------------------------------------
Q12) 50  45  40 35  30  25  20
Q13)  1000  1010  1020  1030  1040  1050
-------------------------------------------------------------
Q14) -5  -4  -3  -2  -1  0   1  2  3  4   5 
===================================x===================================================

